     0/399     16.3G   0.08925  0.008469   0.02098    0.1187       163       640 0.0004625 0.0004966   3.4e-06 1.042e-06    0.1011   0.04148   0.02085
     1/399     21.4G   0.08379  0.006915   0.01746    0.1082       108       640    0.2625   0.01908  0.002708 0.0004108    0.0953   0.04799   0.02064
     2/399     21.4G   0.07113   0.00721   0.01575   0.09408       133       640    0.5355   0.01034  0.005144  0.000977   0.09749   0.04479   0.02075
     3/399     21.4G   0.06828  0.007092   0.01491   0.09028       143       640 0.0004922   0.01909  4.61e-05 7.114e-06    0.1547   0.01048    0.5737
     4/399     21.4G    0.0728  0.006988   0.01575   0.09554       148       640    0.5907   0.04089   0.02105  0.004694   0.09666   0.04611    0.0196
     5/399     21.4G   0.07465  0.006904   0.01505   0.09661       187       640    0.2928   0.09441   0.02109  0.004524    0.1011    0.0398   0.02162
     6/399     21.4G   0.07404   0.00699   0.01426   0.09529       147       640     0.406    0.1453    0.0913   0.02714   0.09444   0.03921   0.02075
     7/399     21.4G   0.07071  0.007051   0.01387   0.09164       158       640    0.2373    0.2286    0.1037   0.03632   0.08982   0.04363   0.01928
     8/399     21.4G   0.06963  0.006963   0.01341      0.09       132       640    0.1174     0.167   0.07706   0.02722   0.09323   0.04426   0.01965
     9/399     21.4G    0.0703  0.007114   0.01344   0.09085       122       640    0.3783    0.1052   0.04875    0.0146   0.09576   0.04492   0.01948
    10/399     21.4G   0.07002  0.007157   0.01384   0.09102       142       640    0.3547   0.07498   0.04477   0.01483   0.09663    0.0431   0.02066
    11/399     21.4G   0.07064  0.007185   0.01344   0.09127       168       640    0.4798    0.2282    0.1724   0.06505   0.08329   0.04195   0.01734
    12/399     21.4G   0.07051  0.007121   0.01275   0.09038       103       640    0.4803    0.2595    0.1995    0.0728   0.08559   0.04085   0.01664
    13/399     21.4G   0.07365  0.007209   0.01318   0.09404       144       640    0.4461    0.2308    0.1439    0.0466   0.08836   0.04068   0.02039
    14/399     21.4G   0.07138  0.007145   0.01247     0.091       127       640    0.2412    0.3262    0.1769   0.06076   0.08632   0.04098   0.01692
    15/399     21.4G   0.07228  0.007329   0.01229    0.0919       142       640    0.5042    0.2129    0.1728   0.05793   0.08626   0.04022   0.01539
    16/399     21.4G   0.07159  0.007159   0.01201   0.09076       131       640    0.2274    0.2509    0.1975   0.06902    0.0849   0.04099   0.01454
    17/399     21.4G   0.07684  0.007221   0.01317   0.09724       141       640    0.5146    0.2341    0.2118   0.07133   0.08472   0.04019   0.01327
    18/399     21.4G   0.07372  0.007276   0.01299   0.09399       135       640    0.4009    0.1788    0.1157   0.03726   0.09178   0.04265   0.01455
    19/399     21.4G   0.07584  0.007352   0.01327   0.09647       143       640    0.4396    0.2646    0.1745   0.06279   0.08647   0.04059   0.01847
    20/399     21.4G    0.0725  0.007308   0.01226   0.09207       110       640    0.1715    0.2164    0.1359   0.04245   0.08725   0.04131   0.01682
    21/399     21.4G   0.07369  0.007298   0.01221    0.0932       159       640    0.5055    0.2484    0.2125    0.0809   0.08339   0.04143   0.01564
    22/399     21.4G   0.07182  0.007275    0.0124   0.09149       146       640    0.4924    0.2676    0.2316   0.08684   0.08427   0.04017   0.01482
    23/399     21.4G     0.072  0.007202   0.01165   0.09085       114       640    0.3548    0.2355    0.1617   0.06028   0.08695   0.04168   0.01515
    24/399     21.4G   0.07068  0.007309    0.0114   0.08939       112       640    0.2516    0.2603    0.2118    0.0794   0.08324   0.04053   0.01758
    25/399     21.4G   0.07101  0.007358   0.01136   0.08972       119       640    0.4578    0.2489     0.172   0.06127   0.08669   0.04097    0.0196
    26/399     21.4G   0.07243  0.007272   0.01143   0.09113       106       640    0.2268    0.2239     0.165   0.06307   0.08721   0.04055   0.02108
    27/399     21.4G   0.07124  0.007264   0.01104   0.08955       120       640     0.478    0.2477    0.1792   0.06645   0.08491    0.0395   0.02227
    28/399     21.4G   0.07114  0.007206   0.01165      0.09       124       640    0.3517    0.3221    0.2457   0.09214   0.08299    0.0397   0.01677
    29/399     21.4G   0.06985  0.007197   0.01081   0.08786       152       640     0.317    0.3329     0.243   0.09648   0.08318   0.03987   0.01599
    30/399     21.4G   0.07085  0.007224   0.01077   0.08885       108       640    0.3823    0.2759    0.2559   0.09729   0.08188   0.04062   0.01473
    31/399     21.4G    0.0685  0.007242   0.01047   0.08621        98       640    0.4164    0.3225    0.2792    0.1048   0.08186    0.0407   0.01583
    32/399     21.4G   0.06959  0.007233   0.01026   0.08709       143       640    0.3221    0.3443    0.2364   0.08773    0.0819   0.04058   0.01889
    33/399     21.4G     0.069    0.0073   0.01032   0.08663       163       640     0.236    0.2629    0.1797   0.06776   0.08446   0.04162   0.02175
    34/399     21.4G   0.06788  0.007194   0.00944   0.08451       133       640    0.3175    0.3667    0.2798    0.1067   0.08204   0.03991   0.01401
    35/399     21.4G   0.06942  0.007153   0.01011   0.08668       119       640     0.339    0.3755    0.2846    0.1111   0.08095   0.03966   0.01173
    36/399     21.4G   0.06667  0.007313  0.009465   0.08345       160       640    0.3174    0.3875    0.2876     0.114   0.08141   0.03957   0.01459
    37/399     21.4G   0.06763  0.007214  0.009678   0.08452       157       640    0.3231    0.3865    0.2786    0.1105   0.08126   0.04023   0.01409
    38/399     21.4G   0.06672  0.007215  0.009586   0.08352       158       640     0.456    0.2692    0.2666     0.104   0.08119   0.04004   0.01603
    39/399     21.4G   0.06765  0.007272  0.009686   0.08461       105       640    0.4251    0.2711    0.2529   0.09434   0.08357   0.04096   0.01881
    40/399     21.4G   0.06747  0.007195   0.01007   0.08473       120       640    0.2856    0.3951    0.2561   0.09462   0.08279   0.04062   0.01803
    41/399     21.4G   0.07022  0.007219   0.01169   0.08914       122       640    0.5442    0.2115    0.1899   0.06678   0.08483   0.04214   0.01767
    42/399     21.4G   0.07276  0.007274   0.01299   0.09302       160       640    0.3354    0.2517    0.1584   0.05247   0.08579   0.04167   0.01831
    43/399     21.4G   0.07248  0.007409   0.01193   0.09181       146       640    0.4889    0.2559    0.1992   0.07735   0.08204   0.04158   0.01851
    44/399     21.4G   0.07255  0.007421   0.01144   0.09141       142       640    0.5327     0.235    0.2179    0.0829   0.08272    0.0418   0.01621
    45/399     21.4G   0.06869  0.007332  0.009858   0.08588       128       640     0.338    0.3379    0.2595   0.09985   0.08114   0.04046   0.01745
    46/399     21.4G   0.06529  0.007337  0.009958   0.08259        91       640    0.4007    0.3123    0.2663    0.1007   0.08086   0.04011   0.01554
    47/399     21.4G   0.06737  0.007301  0.009787   0.08445       173       640    0.3763     0.333    0.2726    0.1073   0.08113   0.03983   0.01832
    48/399     21.4G   0.07039    0.0073   0.01069   0.08838       159       640    0.3911    0.3446    0.2818    0.1126   0.08173   0.03923   0.01556
    49/399     21.4G   0.06842  0.007257  0.009707   0.08538       121       640    0.3578    0.3478    0.2708    0.1083   0.08171   0.03948   0.01705
    50/399     21.4G   0.06958   0.00731    0.0105    0.0874       164       640    0.3449    0.3745    0.2768    0.1045    0.0818   0.03988   0.01705
    51/399     21.4G    0.0675   0.00728  0.009508   0.08428       126       640    0.3977    0.3667    0.3066    0.1229      0.08    0.0399   0.01415
    52/399     21.4G   0.06894  0.007293   0.01057    0.0868       170       640    0.3793    0.3562    0.3003    0.1225   0.07957   0.03984   0.01342
    53/399     21.4G   0.06844  0.007288  0.009972    0.0857       144       640    0.3937    0.3275    0.2736    0.1091    0.0803   0.03967   0.01515
    54/399     21.4G   0.06595  0.007106  0.009748    0.0828       164       640    0.4039    0.3618    0.3041    0.1192   0.07957   0.03981   0.01251
    55/399     21.4G   0.06731  0.007215   0.01048   0.08501       136       640    0.3043    0.3696     0.232   0.08514   0.08033   0.04246   0.01289
    56/399     21.4G   0.06893  0.007336    0.0111   0.08737       202       640    0.3183    0.3445    0.2474   0.09005   0.08026   0.04088   0.01381
    57/399     21.4G   0.06791  0.007298   0.01039    0.0856       147       640    0.3164    0.3954    0.2666    0.1031   0.08006   0.03998   0.01468
    58/399     21.4G   0.07433  0.007343   0.01134   0.09301       155       640    0.3869    0.3209    0.2733    0.1052   0.08007   0.04037   0.01346
    59/399     21.4G   0.06682  0.007159  0.009707   0.08368       161       640     0.424    0.3339    0.2936    0.1171   0.07919   0.04026   0.01285
    60/399     21.4G    0.0691   0.00732   0.01113   0.08755       118       640    0.3068    0.3203    0.2389   0.09268   0.08215   0.04225    0.0137
    61/399     21.4G   0.07056  0.007101   0.01193   0.08959       129       640    0.3408    0.3179    0.2336   0.08974   0.08158   0.04196   0.01375
    62/399     21.4G   0.06882   0.00726   0.01109   0.08717       116       640    0.3064     0.356    0.2482   0.09607   0.08153   0.04056   0.01374
    63/399     21.4G   0.06819  0.007395   0.01058   0.08616       151       640    0.3285    0.3769     0.267    0.1034   0.08085   0.04043   0.01372
    64/399     21.4G   0.06788   0.00725   0.01032   0.08545       120       640    0.4069    0.3423      0.29    0.1136   0.08038   0.03993   0.01355
    65/399     21.4G   0.06848  0.007228   0.01006   0.08577       118       640     0.369    0.3707    0.2933    0.1131   0.08003   0.04014   0.01424
    66/399     21.4G    0.0671  0.007287  0.009699   0.08408       129       640    0.4388    0.3439    0.3127    0.1251   0.07987   0.03971   0.01364
    67/399     21.4G   0.06755  0.007189   0.01021   0.08495        79       640    0.3693    0.2967    0.2482   0.09453   0.08212   0.04369   0.01445
    68/399     21.4G   0.06898  0.007243   0.01028    0.0865       159       640    0.3234    0.3262    0.2465    0.0963   0.08095   0.04397   0.01411
    69/399     21.4G   0.07015  0.007132   0.01025   0.08753       140       640    0.3455    0.3585    0.2871    0.1167   0.08022   0.04125   0.01378
    70/399     21.4G   0.06765  0.007176  0.009628   0.08446       152       640    0.4132    0.3591     0.311     0.127   0.08006   0.03993     0.013
    71/399     21.4G   0.06558  0.007142  0.009178   0.08189       194       640    0.3866    0.3642    0.3217    0.1305   0.07966   0.03957   0.01247
    72/399     21.4G   0.06678  0.007206  0.009176   0.08316       131       640     0.387    0.3677    0.3239    0.1299   0.07974    0.0394     0.012
    73/399     21.4G   0.06468  0.007202  0.009221   0.08111       143       640    0.4243    0.3588    0.3251    0.1304   0.07927   0.03955   0.01195
    74/399     21.4G   0.06504  0.007322  0.009333   0.08169       149       640    0.3947    0.3717    0.3191    0.1282   0.07879   0.04014   0.01185
    75/399     21.4G    0.0648   0.00729  0.008786   0.08088       161       640    0.4135    0.3652    0.3253    0.1312   0.07868   0.03994   0.01151
    76/399     21.4G   0.06404   0.00731  0.008429   0.07978       151       640    0.4306    0.3573    0.3318    0.1357    0.0783   0.03962   0.01118
    77/399     21.4G   0.06933   0.00721   0.01092   0.08747       126       640    0.3128    0.2759      0.23   0.09688   0.08195   0.04414   0.01295
    78/399     21.4G   0.06755  0.007357   0.01122   0.08613       138       640    0.2262    0.2943     0.192   0.08044   0.08276    0.0464   0.01369
    79/399     21.4G   0.06639  0.007341  0.009881   0.08361       126       640    0.2689      0.29    0.1997   0.08268   0.08206   0.04536   0.01349
    80/399     21.4G   0.06644  0.007376  0.009942   0.08376       148       640    0.4079    0.2543    0.2193   0.09081   0.08126    0.0441   0.01333
    81/399     21.4G   0.07125  0.007246   0.01215   0.09065       133       640    0.4463    0.2848    0.2414   0.09724   0.08105   0.04311   0.01313
    82/399     21.4G   0.06622  0.007169  0.009506   0.08289       106       640    0.3688    0.3027    0.2609    0.1047   0.08062   0.04179   0.01253
    83/399     21.4G   0.06558  0.007161  0.009159    0.0819       101       640    0.3085    0.3628     0.281    0.1133   0.08024   0.04084   0.01217
    84/399     21.4G    0.0635  0.007261  0.009055   0.07982       152       640    0.3974    0.3389    0.2984    0.1194   0.07985   0.04028   0.01198
    85/399     21.4G   0.06287  0.007223  0.008528   0.07862       168       640    0.3932    0.3524    0.3093    0.1248   0.07954   0.03988   0.01173
    86/399     21.4G   0.06565  0.007329  0.009178   0.08216       184       640    0.3836    0.3448    0.3075     0.125   0.07919   0.03986   0.01154
    87/399     21.4G   0.07031  0.007262  0.009903   0.08747       135       640    0.3901    0.3381    0.3075    0.1241   0.07939   0.03948   0.01154
    88/399     21.4G   0.06369  0.007105  0.008624   0.07942       134       640    0.3904    0.3406    0.3127    0.1261   0.07923   0.03924   0.01146
    89/399     21.4G   0.06464  0.007122  0.008775   0.08053       164       640    0.3505    0.3815    0.3197    0.1299   0.07913     0.039   0.01123
    90/399     21.4G   0.06407  0.007147  0.008132   0.07935       139       640    0.3674    0.3779    0.3303    0.1334   0.07899   0.03885   0.01105
    91/399     21.4G   0.06356   0.00728  0.008756    0.0796       100       640    0.3979     0.368    0.3384    0.1367   0.07845   0.03901   0.01083
    92/399     21.4G   0.06563  0.007313  0.009261    0.0822       133       640    0.3826    0.3792    0.3411    0.1386   0.07815   0.03912   0.01066
    93/399     21.4G   0.06543  0.007281  0.009231   0.08194       151       640    0.3729    0.3948    0.3414    0.1391   0.07815   0.03901   0.01064
    94/399     21.4G   0.06614  0.007359  0.009547   0.08305       126       640    0.3779    0.3966    0.3447    0.1413   0.07815   0.03888   0.01064
    95/399     21.4G     0.063  0.007226    0.0086   0.07883       189       640    0.3786    0.3974    0.3451     0.141   0.07805   0.03881   0.01059
    96/399     21.4G   0.06363  0.007211  0.008266   0.07911       174       640    0.4048    0.3798    0.3472    0.1428     0.078    0.0387   0.01053
    97/399     21.4G   0.06434  0.007206  0.008778   0.08033       148       640    0.3832     0.409    0.3505    0.1442   0.07787   0.03866   0.01048
    98/399     21.4G   0.06175  0.007186  0.007982   0.07692       101       640    0.3753    0.4164    0.3517    0.1444   0.07783   0.03868    0.0106
    99/399     21.4G   0.06227  0.007252  0.008097   0.07762       149       640     0.383    0.4058    0.3529    0.1457   0.07777   0.03866   0.01063
   100/399     21.4G   0.06223  0.007219  0.007891   0.07734       117       640     0.356    0.4373    0.3532    0.1457   0.07766   0.03866   0.01058
   101/399     21.4G   0.06425  0.007156   0.00871   0.08011       137       640    0.4105    0.3881    0.3547     0.147   0.07755   0.03864   0.01061
   102/399     21.4G   0.06307  0.007239  0.007783   0.07809       134       640    0.4115    0.3873    0.3552    0.1476   0.07755    0.0386    0.0106
   103/399     21.4G   0.06182  0.007192  0.007802   0.07681       129       640    0.4205    0.3836    0.3566    0.1479   0.07754   0.03858    0.0106
   104/399     21.4G   0.06309  0.007257  0.008267   0.07862       104       640    0.4292    0.3789    0.3589    0.1491   0.07744   0.03858   0.01062
   105/399     21.4G   0.06089  0.007043  0.007653   0.07558       139       640    0.4166    0.3889    0.3596    0.1502   0.07732   0.03859   0.01057
   106/399     21.4G   0.06084  0.007154  0.007475   0.07547       169       640    0.4055    0.3972    0.3617    0.1511   0.07724   0.03858   0.01049
   107/399     21.4G   0.06277  0.007188  0.008181   0.07814       135       640    0.4096    0.3994     0.365    0.1522   0.07723   0.03852   0.01048
   108/399     21.4G   0.06327  0.007334  0.008391     0.079       109       640    0.4208    0.3948    0.3667    0.1525   0.07719   0.03851    0.0105
   109/399     21.4G   0.06588  0.007233  0.008953   0.08206       142       640    0.3908    0.4173    0.3672    0.1521   0.07712   0.03858    0.0105
   110/399     21.4G   0.06219  0.007312  0.008043   0.07754       130       640    0.4206    0.3904    0.3657    0.1509   0.07714   0.03873   0.01052
   111/399     21.4G   0.06391  0.007154  0.008817   0.07988       190       640    0.4304    0.3849    0.3655    0.1508    0.0772   0.03878   0.01055
   112/399     21.4G   0.06418   0.00724  0.008779    0.0802       148       640     0.433    0.3848    0.3655    0.1513   0.07721   0.03884   0.01053
   113/399     21.4G   0.06309  0.007195  0.008126   0.07841       123       640    0.4445    0.3772    0.3647    0.1512   0.07727   0.03884   0.01053
   114/399     21.4G   0.06074  0.007148  0.007458   0.07534       113       640    0.4541    0.3701    0.3647    0.1511   0.07727   0.03885   0.01052
   115/399     21.4G   0.06138  0.007117  0.007923   0.07642       108       640    0.4567    0.3691    0.3651    0.1513   0.07726   0.03884   0.01051
   116/399     21.4G   0.06239  0.007324  0.008782    0.0785       159       640    0.4045    0.4002    0.3637    0.1509   0.07718   0.03894   0.01052
   117/399     21.4G   0.06226  0.007325  0.008691   0.07828       168       640    0.4224    0.3843     0.361    0.1467   0.07709   0.03931   0.01053
   118/399     21.4G   0.06127  0.007227  0.008163   0.07666       151       640    0.3999    0.3954    0.3567    0.1433   0.07709   0.03956    0.0105
   119/399     21.4G   0.05927  0.007334  0.007811   0.07441       126       640     0.403    0.3973    0.3548     0.141   0.07709   0.03974   0.01045
   120/399     21.4G     0.061  0.007152  0.007995   0.07615       117       640    0.3984    0.3993    0.3532    0.1392   0.07711   0.03983   0.01041
   121/399     21.4G    0.0594   0.00723  0.007916   0.07455       205       640    0.3945    0.4025    0.3518    0.1384   0.07713    0.0399   0.01037
   122/399     21.4G   0.06094  0.007173  0.007483    0.0756       137       640    0.3877    0.4077    0.3504    0.1378   0.07715   0.03993   0.01036
   123/399     21.4G   0.05949  0.007211  0.007522   0.07422       141       640    0.3881     0.408     0.352     0.138   0.07711   0.03994   0.01031
   124/399     21.4G   0.05723  0.007148  0.007106   0.07149       126       640    0.3833    0.4114    0.3513     0.138   0.07709   0.03995   0.01027
   125/399     21.4G   0.05765  0.007125  0.007127   0.07191       155       640    0.3908    0.4017    0.3517    0.1379   0.07704   0.03994   0.01023
   126/399     21.4G   0.05848  0.007211   0.00698   0.07267       148       640    0.3908    0.4032     0.352    0.1381   0.07699   0.03994   0.01021
   127/399     21.4G   0.05692  0.007109  0.006556   0.07059       134       640    0.3836    0.4149    0.3537    0.1386   0.07694   0.03992   0.01018
   128/399     21.4G   0.05766  0.007083  0.006765    0.0715       139       640    0.3827    0.4155    0.3534    0.1392    0.0769    0.0399   0.01015
   129/399     21.4G   0.06042  0.007195  0.007628   0.07524        99       640    0.3901    0.4115    0.3526     0.139   0.07687   0.03998   0.01015
   130/399     21.4G   0.05871    0.0071  0.006907   0.07271       121       640    0.3943    0.4127    0.3538    0.1389   0.07684   0.04003   0.01016
   131/399     21.4G   0.05933   0.00709  0.007038   0.07346       180       640    0.3957    0.4129    0.3546    0.1392   0.07683   0.04005   0.01016
   132/399     21.4G   0.05684   0.00715   0.00651    0.0705       122       640    0.4095    0.4026    0.3557    0.1394   0.07679   0.04007   0.01015
   133/399     21.4G   0.05598  0.007127  0.006493    0.0696       161       640    0.4056    0.4081    0.3575    0.1403   0.07673   0.04008   0.01013
   134/399     21.4G   0.05572  0.007099  0.006793   0.06961       150       640     0.412    0.4027    0.3582    0.1407   0.07666   0.04008   0.01009
   135/399     21.4G   0.05826  0.007148  0.006794    0.0722       157       640    0.4127    0.4024    0.3588     0.141   0.07664   0.04006   0.01008
   136/399     21.4G   0.05887  0.007109   0.00689   0.07287       124       640    0.4085    0.4083    0.3602    0.1417    0.0766   0.04003   0.01006
   137/399     21.4G   0.05835  0.007098  0.007215   0.07267       104       640    0.4058    0.4091    0.3605     0.142   0.07656   0.04001   0.01006
   138/399     21.4G   0.05922  0.007177  0.007692   0.07409       201       640    0.4057    0.4104    0.3618     0.143   0.07652   0.03996   0.01007
   139/399     21.4G   0.05744   0.00728  0.007247   0.07196       142       640    0.4029    0.4123    0.3615    0.1433   0.07649    0.0399   0.01017
   140/399     21.4G   0.05779  0.007157  0.007186   0.07213       118       640    0.4015    0.4147    0.3615    0.1438   0.07646   0.03986   0.01022
   141/399     21.4G   0.05528  0.007273  0.006521   0.06908       148       640    0.4061    0.4123    0.3623    0.1447   0.07641   0.03983   0.01025
   142/399     21.4G   0.05723  0.007187   0.00669   0.07111       144       640    0.4088    0.4108    0.3629    0.1447   0.07636   0.03982   0.01028
   143/399     21.4G   0.05853  0.007173  0.007154   0.07286       162       640     0.417    0.4031    0.3625    0.1455   0.07633   0.03979   0.01029
   144/399     21.4G   0.05748  0.007147  0.007026   0.07165       196       640    0.4175    0.4045     0.364    0.1461    0.0763   0.03977   0.01028
   145/399     21.4G   0.05802  0.007183  0.007219   0.07242       188       640    0.4155    0.4057     0.364    0.1464   0.07626   0.03977   0.01027
   146/399     21.4G   0.05549  0.007043  0.006905   0.06944       140       640    0.4189    0.4052    0.3654    0.1474   0.07622   0.03977   0.01025
   147/399     21.4G   0.05647   0.00716  0.006502   0.07013       183       640     0.418    0.4057    0.3662    0.1478   0.07617   0.03976   0.01022
   148/399     21.4G    0.0574   0.00717  0.006731    0.0713       128       640    0.4047    0.4208    0.3668    0.1485   0.07615   0.03974   0.01022
   149/399     21.4G   0.05681  0.007383  0.007415    0.0716       168       640    0.4222    0.4037    0.3668    0.1488   0.07612   0.03976   0.01023
   150/399     21.4G   0.05697  0.007218  0.006863   0.07105       118       640     0.424    0.4031    0.3672    0.1489   0.07609   0.03977   0.01025
   151/399     21.4G   0.05484  0.007058  0.006348   0.06824       194       640    0.4213    0.4078    0.3683    0.1492   0.07604   0.03978   0.01024
   152/399     21.4G    0.0533  0.007095  0.005744   0.06614       161       640     0.397    0.4342    0.3691    0.1498     0.076   0.03978   0.01023
   153/399     21.4G   0.05361  0.007007   0.00609   0.06671       146       640    0.4123    0.4197    0.3702    0.1505   0.07595   0.03978   0.01021
   154/399     21.4G   0.05275  0.007295  0.006045   0.06609       170       640    0.4115    0.4219    0.3708    0.1507   0.07589   0.03978   0.01019
   155/399     21.4G   0.05344  0.007093  0.006055   0.06659       107       640    0.4093    0.4271    0.3709     0.151   0.07584   0.03978   0.01016
   156/399     21.4G   0.05366  0.007077  0.006154   0.06689       157       640    0.4163     0.423    0.3718    0.1515   0.07576    0.0398   0.01014
   157/399     21.4G    0.0522  0.007169  0.005686   0.06506       127       640    0.4171    0.4232    0.3731    0.1525    0.0757    0.0398   0.01012
   158/399     21.4G   0.05239  0.006975  0.005777   0.06515       143       640    0.4159    0.4263    0.3739    0.1529   0.07564    0.0398    0.0101
   159/399     21.4G   0.05273  0.007177  0.005897    0.0658       136       640    0.4147    0.4289    0.3747    0.1533   0.07557   0.03982   0.01008
   160/399     21.4G   0.05156  0.007163  0.005583   0.06431       231       640    0.4161    0.4283    0.3753    0.1537   0.07548   0.03982   0.01005
   161/399     21.4G   0.05071  0.007148  0.005313   0.06317       120       640    0.4216    0.4234    0.3756    0.1541   0.07541   0.03982   0.01002
   162/399     21.4G   0.05199  0.007219  0.005711   0.06492       126       640    0.4262    0.4222    0.3769     0.155   0.07535   0.03986      0.01
   163/399     21.4G   0.05287   0.00709  0.006163   0.06612       179       640    0.4276    0.4198    0.3762    0.1549   0.07531   0.03997  0.009987
   164/399     21.4G   0.05168  0.007175  0.005846    0.0647       153       640     0.425    0.4234    0.3766    0.1553   0.07527   0.04004  0.009962
   165/399     21.4G   0.05113  0.007118  0.005519   0.06377       108       640    0.4183    0.4285    0.3772    0.1547   0.07523   0.04011  0.009948
   166/399     21.4G   0.05205  0.007024  0.005582   0.06465       128       640    0.4299    0.4186    0.3781    0.1554    0.0752   0.04016  0.009935
   167/399     21.4G   0.05194  0.007126  0.005674   0.06474       150       640    0.4228    0.4242    0.3777    0.1554   0.07517   0.04021  0.009928
   168/399     21.4G   0.05161  0.007175  0.005402   0.06418       164       640    0.4287    0.4213    0.3781    0.1558   0.07513   0.04026  0.009913
   169/399     21.4G    0.0513  0.007032  0.005438   0.06377       148       640    0.4263    0.4212    0.3779    0.1561   0.07509   0.04028  0.009904
   170/399     21.4G   0.05127   0.00702  0.005331   0.06362       134       640    0.4251    0.4218    0.3783    0.1566   0.07504    0.0403  0.009884
   171/399     21.4G   0.05157  0.007069  0.005816   0.06446       139       640     0.436    0.4145    0.3791     0.157   0.07501    0.0403  0.009866
   172/399     21.4G   0.05429   0.00711  0.006537   0.06794       100       640    0.4332    0.4176    0.3794    0.1574     0.075   0.04028  0.009862
   173/399     21.4G   0.05137  0.007229  0.005886   0.06448       169       640    0.4352    0.4179    0.3801    0.1583   0.07498   0.04027  0.009857
   174/399     21.4G   0.05025  0.007161  0.005228   0.06264       171       640    0.4427    0.4164    0.3804    0.1586   0.07494   0.04026  0.009847
   175/399     21.4G   0.05029  0.007123  0.005185    0.0626       130       640    0.4404    0.4187    0.3812    0.1593    0.0749   0.04026  0.009838
   176/399     21.4G   0.05157  0.007071  0.005454    0.0641       130       640    0.4429    0.4178    0.3823    0.1593   0.07486   0.04023  0.009832
   177/399     21.4G   0.05027  0.007027  0.005178   0.06247       164       640    0.4464    0.4144    0.3826    0.1598   0.07484    0.0402  0.009829
   178/399     21.4G   0.05185  0.007072  0.005323   0.06425       118       640    0.4433    0.4187     0.383    0.1599   0.07481   0.04017  0.009826
   179/399     21.4G   0.04963   0.00709  0.005352   0.06207       137       640     0.448    0.4156    0.3844    0.1608   0.07477   0.04016  0.009814
   180/399     21.4G   0.04922  0.007045  0.005018   0.06129       139       640    0.4559    0.4113    0.3856    0.1614   0.07473   0.04016  0.009801
   181/399     21.4G   0.05013  0.007033  0.005131    0.0623       159       640    0.4612    0.4075     0.386    0.1619   0.07469   0.04015  0.009789
   182/399     21.4G   0.05035  0.007216  0.005424   0.06299       109       640    0.4288    0.4339    0.3867    0.1622   0.07466   0.04013  0.009784
   183/399     21.4G   0.04917   0.00711  0.004969   0.06125       174       640    0.4169    0.4469    0.3876    0.1627   0.07462   0.04013  0.009772
   184/399     21.4G   0.04941  0.007195  0.005042   0.06164       182       640    0.4249    0.4374    0.3877    0.1635   0.07459   0.04013  0.009762
   185/399     21.4G   0.05006  0.007133  0.005125   0.06232       145       640    0.4325    0.4322     0.389     0.164   0.07453   0.04014  0.009761
   186/399     21.4G   0.04878  0.007064  0.004814   0.06066       136       640    0.4259    0.4419    0.3893    0.1648   0.07449   0.04012  0.009742
   187/399     21.4G   0.04743  0.007072  0.004565   0.05907       140       640    0.4295    0.4393    0.3895    0.1652   0.07442   0.04013   0.00972
   188/399     21.4G   0.04753  0.007032  0.004848   0.05941       138       640    0.4323    0.4389    0.3909    0.1655   0.07436   0.04013  0.009697
   189/399     21.4G   0.04855  0.007138  0.004893   0.06058       157       640    0.4369    0.4353    0.3914    0.1661   0.07429   0.04013  0.009683
   190/399     21.4G   0.04803   0.00701  0.004775   0.05981       139       640    0.4388    0.4376    0.3927    0.1665   0.07424   0.04012  0.009674
   191/399     21.4G   0.04778  0.007074  0.004493   0.05934       157       640    0.4387    0.4379    0.3931    0.1669   0.07419   0.04012  0.009662
   192/399     21.4G   0.04837   0.00697  0.004508   0.05985       112       640    0.4515    0.4283    0.3937     0.167   0.07413   0.04012  0.009648
   193/399     21.4G   0.04838  0.007032  0.004724   0.06014       131       640    0.4537    0.4274    0.3944    0.1676   0.07407   0.04013  0.009631
   194/299     14.5G   0.04745  0.007023  0.004355   0.05883       163       640    0.4674    0.4188    0.3955     0.168   0.07402   0.04013  0.009615
   195/299       21G   0.04653  0.006973  0.004248   0.05775       108       640     0.457    0.4286    0.3957    0.1686   0.07396   0.04013  0.009596
   196/299       21G   0.04549  0.007021  0.004027   0.05654       133       640    0.4661    0.4235    0.3969    0.1691    0.0739   0.04013  0.009583
   197/299       21G   0.04567  0.006895  0.004033    0.0566       143       640    0.4625    0.4263     0.398    0.1693   0.07382   0.04015  0.009562
   198/299       21G   0.04584  0.006997  0.004307   0.05714       148       640    0.4626    0.4271     0.399    0.1699   0.07374   0.04016  0.009543
   199/299       21G   0.04647  0.006943  0.004165   0.05758       187       640    0.4481    0.4392    0.4001    0.1702   0.07366   0.04018  0.009525
   200/299       21G   0.04587  0.007013  0.004222   0.05711       147       640    0.4421    0.4467    0.4009    0.1709   0.07358   0.04019  0.009516
   201/299       21G   0.04547  0.006956  0.004075    0.0565       158       640    0.4444    0.4453    0.4012    0.1712   0.07351    0.0402  0.009507
   202/299       21G   0.04462  0.006846  0.003991   0.05545       132       640    0.4382    0.4537    0.4022    0.1716   0.07344   0.04021  0.009496
   203/299       21G   0.04461  0.006998  0.003985   0.05559       122       640     0.441    0.4529    0.4028    0.1722   0.07337   0.04022  0.009478
   204/299       21G   0.04645  0.006941  0.004204   0.05759       142       640    0.4432    0.4542    0.4048    0.1727    0.0733   0.04023   0.00947
   205/299       21G   0.04501  0.006921  0.004045   0.05598       168       640    0.4467    0.4518    0.4057    0.1727   0.07324   0.04021  0.009455
   206/299       21G   0.04566  0.006858  0.004163   0.05668       103       640    0.4543    0.4475    0.4069    0.1732   0.07319   0.04022  0.009446
   207/299       21G   0.04501  0.006968  0.004047   0.05603       144       640    0.4531    0.4482    0.4076    0.1737   0.07312   0.04024  0.009435
   208/299       21G   0.04458  0.006834  0.003808   0.05522       127       640     0.442    0.4596    0.4085    0.1738   0.07305   0.04025  0.009424
   209/299       21G   0.04413  0.007063  0.003733   0.05493       142       640    0.4398    0.4628    0.4093    0.1741   0.07299   0.04027   0.00941
   210/299       21G   0.04455  0.006856  0.004119   0.05552       131       640     0.442    0.4599    0.4098    0.1745   0.07294   0.04028  0.009406
   211/299       21G   0.04415  0.006946  0.003824   0.05492       141       640    0.4573    0.4459     0.411    0.1749   0.07287   0.04027  0.009391
   212/299       21G   0.04437  0.006924  0.003788   0.05508       135       640    0.4635    0.4435    0.4123     0.175   0.07281   0.04028  0.009384
   213/299       21G   0.04563  0.006977  0.004001   0.05661       143       640     0.467    0.4418    0.4133    0.1757   0.07276   0.04029  0.009377
   214/299       21G    0.0449  0.006988  0.003901   0.05579       110       640    0.4721    0.4392    0.4139    0.1759   0.07269    0.0403  0.009359
   215/299       21G   0.04402  0.006899  0.003637   0.05456       159       640    0.4642    0.4484    0.4152    0.1765   0.07262   0.04031  0.009348
   216/299       21G   0.04359  0.006887  0.003651   0.05413       146       640    0.4682    0.4468    0.4153    0.1768   0.07254   0.04033  0.009333
   217/299       21G   0.04342  0.006903  0.003604   0.05392       114       640    0.4683    0.4466    0.4168    0.1775   0.07246   0.04036  0.009319
   218/299       21G   0.04371  0.006958  0.003531    0.0542       112       640    0.4671     0.448    0.4168    0.1779   0.07239   0.04037  0.009306
   219/299       21G   0.04351  0.006971  0.003577   0.05406       119       640    0.4729    0.4437    0.4172    0.1783   0.07232   0.04038  0.009296
   220/299       21G   0.04337  0.006955   0.00378    0.0541       106       640    0.4739    0.4447    0.4181    0.1787   0.07225   0.04038  0.009282
   221/299       21G   0.04259  0.006945  0.003367    0.0529       120       640     0.482     0.438     0.419     0.179   0.07217   0.04041  0.009275
   222/299       21G   0.04337  0.006812  0.003717    0.0539       124       640    0.4831    0.4381    0.4195    0.1793    0.0721   0.04042  0.009263
   223/299       21G   0.04275  0.006796  0.003558   0.05311       152       640     0.479    0.4428    0.4198    0.1797   0.07203   0.04044  0.009249
   224/299       21G   0.04213  0.006903  0.003461    0.0525       108       640    0.4841     0.439    0.4202    0.1803   0.07194   0.04046  0.009234
   225/299       21G   0.04263  0.006872  0.003676   0.05317        98       640    0.4869    0.4383    0.4211    0.1811   0.07185   0.04049  0.009215
   226/299       21G   0.04273  0.006832  0.003515   0.05308       143       640    0.4849     0.441    0.4219    0.1813   0.07177   0.04051  0.009204
   227/299       21G   0.04271  0.006911  0.003612   0.05324       163       640    0.4897     0.439    0.4224    0.1816   0.07168   0.04053  0.009191
   228/299       21G   0.04224  0.006829   0.00346   0.05253       133       640    0.4901    0.4391    0.4231    0.1818   0.07159   0.04055  0.009173
   229/299       21G   0.04305  0.006783   0.00352   0.05335       119       640    0.4915    0.4403    0.4246    0.1819   0.07151   0.04057  0.009154
   230/299       21G   0.04212   0.00694  0.003375   0.05243       160       640    0.4911    0.4416    0.4253    0.1823   0.07142    0.0406  0.009139
   231/299       21G   0.04256  0.006917   0.00347   0.05295       157       640    0.4914    0.4419    0.4263    0.1828   0.07133   0.04061  0.009128
   232/299       21G   0.04119  0.006949  0.003134   0.05127       158       640    0.4973    0.4391    0.4271    0.1832   0.07121   0.04065  0.009107
   233/299       21G   0.04152  0.006878  0.003313   0.05171       105       640    0.5002    0.4376    0.4276    0.1834   0.07111   0.04068  0.009089
   234/299     14.6G   0.04132   0.00689  0.003054   0.05126       163       640    0.5041    0.4357    0.4277    0.1837   0.07102    0.0407  0.009073
   235/299       21G   0.04168  0.006826  0.003172   0.05168       108       640    0.4846     0.452    0.4287    0.1842   0.07095   0.04072   0.00906
   236/299       21G   0.04105    0.0069   0.00312   0.05107       133       640     0.486    0.4509    0.4286    0.1845   0.07086   0.04072  0.009044
   237/299       21G   0.04094  0.006762   0.00313   0.05083       143       640    0.4889      0.45    0.4281    0.1848   0.07077   0.04075   0.00903
   238/299       21G   0.04124  0.006882  0.003258   0.05139       148       640    0.4909    0.4495    0.4291    0.1855   0.07068   0.04075   0.00901
   239/299       21G   0.04156  0.006832  0.003151   0.05154       187       640    0.4868    0.4542    0.4293    0.1859    0.0706   0.04076  0.008993
   240/299       21G   0.04093  0.006817  0.003171   0.05092       147       640     0.489    0.4538    0.4297    0.1859   0.07051   0.04077  0.008979
   241/299       21G   0.04065  0.006822  0.003142   0.05061       158       640    0.4914     0.453    0.4305    0.1862   0.07044   0.04079  0.008968
   242/299       21G   0.04051  0.006731  0.003115   0.05036       132       640    0.4932    0.4522     0.431    0.1864   0.07036    0.0408  0.008956
   243/299       21G   0.04032  0.006873  0.002974   0.05017       122       640    0.4954     0.452    0.4318    0.1866   0.07028   0.04082  0.008943
   244/299       21G   0.04097  0.006825  0.003113   0.05091       142       640    0.4972    0.4518    0.4325    0.1868    0.0702   0.04083   0.00893
   245/299       21G   0.04022  0.006798  0.002959   0.04998       168       640    0.4984    0.4512    0.4331    0.1871   0.07013   0.04083  0.008921
   246/299       21G   0.04075  0.006728  0.003184   0.05066       103       640    0.4985    0.4513    0.4336    0.1876   0.07006   0.04084  0.008912
   247/299       21G   0.04037    0.0068  0.003059   0.05023       144       640    0.4985    0.4521    0.4344    0.1879   0.06999   0.04084  0.008902
   248/299       21G   0.04061  0.006759  0.002969   0.05034       127       640    0.4967    0.4529     0.435    0.1883   0.06992   0.04085  0.008891
   249/299       21G   0.04004  0.006935  0.002966   0.04995       142       640    0.4968    0.4533    0.4358    0.1886   0.06985   0.04086   0.00888
   250/299       21G   0.04011   0.00671  0.002921   0.04974       131       640    0.5076    0.4469    0.4371     0.189   0.06978   0.04086  0.008869
   251/299       21G   0.04045  0.006877   0.00308   0.05041       141       640    0.5105    0.4466    0.4383    0.1895    0.0697   0.04089  0.008853
   252/299       21G   0.04016    0.0068  0.002945    0.0499       135       640    0.5079    0.4478     0.439    0.1899   0.06963    0.0409  0.008842
   253/299       21G   0.03987  0.006848  0.002916   0.04963       143       640    0.5096    0.4492    0.4398    0.1904   0.06955   0.04092   0.00883
   254/299       21G   0.04023  0.006816  0.002994   0.05004       110       640    0.5095    0.4492    0.4403    0.1908   0.06947   0.04093  0.008815
   255/299       21G   0.03999  0.006775  0.002969   0.04974       159       640    0.5079    0.4525    0.4411    0.1913   0.06939   0.04095  0.008802
   256/299       21G   0.03963  0.006784  0.002774   0.04919       146       640    0.5091    0.4522    0.4424    0.1915   0.06928   0.04097  0.008785
   257/299     14.6G   0.03896  0.006857  0.002669   0.04848       163       640    0.5105    0.4513    0.4425    0.1921   0.06917     0.041  0.008767
   258/299       21G   0.03943    0.0068  0.002843   0.04907       108       640    0.5128    0.4508    0.4431    0.1923   0.06908   0.04102  0.008753
   259/299       21G   0.03885  0.006844  0.002709    0.0484       133       640     0.517    0.4483    0.4436    0.1926   0.06899   0.04102   0.00874
   260/299       21G   0.03889  0.006691  0.002755   0.04833       143       640    0.5174    0.4494    0.4445    0.1934    0.0689   0.04104  0.008725
   261/299       21G   0.03972   0.00684  0.002997   0.04956       148       640    0.5095     0.454    0.4455     0.194   0.06882   0.04103  0.008711
   262/299       21G   0.03974  0.006771  0.002799   0.04931       187       640    0.5113    0.4538    0.4463    0.1945   0.06874   0.04104  0.008701
   263/299       21G    0.0391  0.006767  0.002803   0.04867       147       640    0.5091    0.4555    0.4467    0.1944   0.06867   0.04105  0.008693
   264/299       21G   0.03847  0.006771  0.002769   0.04801       158       640      0.51    0.4563    0.4473    0.1943   0.06859   0.04105  0.008683
   265/299     14.6G   0.03823  0.006815  0.002499   0.04754       163       640    0.5067    0.4591    0.4475    0.1948    0.0685   0.04106  0.008669
   266/299       21G   0.03833  0.006759  0.002522   0.04761       108       640    0.5058     0.461    0.4476    0.1952   0.06842   0.04107  0.008655
   267/299       21G   0.03804  0.006819  0.002561   0.04742       133       640    0.5139     0.456    0.4478    0.1957   0.06834   0.04107  0.008647
   268/299       21G   0.03831  0.006683  0.002594   0.04759       143       640    0.5167    0.4535    0.4483    0.1962   0.06826   0.04108  0.008633
   269/299       21G   0.03897  0.006826  0.002799    0.0486       148       640    0.4894    0.4771     0.449    0.1965   0.06818   0.04108  0.008621
   270/299       21G   0.03898   0.00676  0.002616   0.04835       187       640    0.4896    0.4789      0.45    0.1973    0.0681   0.04108  0.008611
   271/299       21G   0.03826  0.006748  0.002594   0.04761       147       640    0.4891    0.4794    0.4503    0.1976   0.06803   0.04109  0.008602
   272/299       21G   0.03763  0.006752  0.002562   0.04695       158       640    0.4911    0.4785    0.4508     0.198   0.06795   0.04109  0.008591
   273/299       21G   0.03843  0.006659  0.002702   0.04779       132       640    0.4986     0.475    0.4523    0.1982   0.06787   0.04108  0.008579
   274/299       21G   0.03817  0.006812   0.00262    0.0476       122       640    0.4996    0.4748    0.4533     0.199   0.06779   0.04109  0.008564
   275/299       21G   0.03884  0.006747  0.002712    0.0483       142       640    0.5015    0.4739    0.4537    0.1992   0.06771   0.04108  0.008551
   276/299       21G   0.03815  0.006716  0.002546   0.04741       168       640    0.5045    0.4739    0.4542    0.1995   0.06764   0.04108  0.008535
   277/299       21G   0.03826  0.006675  0.002623   0.04756       103       640    0.5024    0.4773     0.455    0.1999   0.06756   0.04108  0.008515
   278/299       21G   0.03807  0.006715  0.002576   0.04736       144       640     0.506    0.4755    0.4562    0.2004   0.06749   0.04109  0.008498
   279/299       21G   0.03805  0.006665  0.002558   0.04728       127       640    0.5049    0.4764    0.4565    0.2008   0.06742   0.04108  0.008485
   280/299       21G   0.03799  0.006858  0.002621   0.04747       142       640    0.5074    0.4743    0.4567     0.201   0.06735   0.04107  0.008468
   281/299       21G   0.03832  0.006644  0.002574   0.04754       131       640    0.5088     0.474    0.4575    0.2018   0.06728   0.04107  0.008453
   282/299       21G    0.0381  0.006784  0.002541   0.04742       141       640    0.5093    0.4745    0.4584    0.2021    0.0672   0.04108  0.008438
   283/299       21G   0.03758  0.006725   0.00245   0.04675       135       640    0.5165    0.4671    0.4584    0.2027   0.06711   0.04109  0.008423
   284/299       21G   0.03804  0.006795  0.002537   0.04737       143       640    0.5167    0.4685    0.4588    0.2029   0.06702    0.0411  0.008408
   285/299       21G   0.03808  0.006769  0.002538   0.04739       110       640    0.5179    0.4688    0.4595     0.203   0.06693    0.0411   0.00839
   286/299       21G   0.03791  0.006709  0.002506   0.04713       159       640      0.52    0.4678    0.4599    0.2031   0.06685    0.0411  0.008377
   287/299       21G   0.03777  0.006685  0.002505   0.04696       146       640    0.5236    0.4657    0.4597    0.2036   0.06677    0.0411  0.008359
   288/299       21G   0.03799  0.006715  0.002544   0.04725       114       640    0.5145    0.4731    0.4601    0.2036   0.06668   0.04111  0.008344
   289/299       21G   0.03823  0.006773  0.002483   0.04749       112       640    0.5165     0.473    0.4603    0.2037   0.06661    0.0411  0.008327
   290/299       21G   0.03839  0.006797  0.002503   0.04769       119       640     0.521    0.4695    0.4612    0.2038   0.06654   0.04109  0.008309
   291/299       21G   0.03799  0.006739  0.002536   0.04727       106       640    0.5173    0.4733    0.4614    0.2042   0.06647   0.04109  0.008294
   292/299       21G   0.03758  0.006783  0.002434    0.0468       120       640    0.5224    0.4714    0.4626    0.2046   0.06638   0.04108  0.008275
   293/299       21G   0.03738   0.00663  0.002468   0.04648       124       640    0.5229    0.4719    0.4627    0.2048   0.06629   0.04108  0.008256
   294/299       21G   0.03755  0.006639  0.002578   0.04677       152       640    0.5214    0.4739    0.4635    0.2053   0.06621   0.04108  0.008243
   295/299       21G   0.03771  0.006716  0.002492   0.04692       108       640    0.5268    0.4696    0.4638    0.2054   0.06613   0.04108  0.008226
   296/299       21G   0.03735  0.006714  0.002561   0.04663        98       640    0.5306    0.4685    0.4638    0.2056   0.06604   0.04108  0.008203
   297/299       21G   0.03773  0.006649  0.002539   0.04692       143       640    0.5296    0.4697    0.4646     0.206   0.06595   0.04107  0.008187
   298/299       21G   0.03735  0.006739  0.002556   0.04665       163       640    0.5269     0.473    0.4655    0.2064   0.06583   0.04106  0.008165
   299/299       21G   0.03735  0.006657  0.002502   0.04651       133       640    0.5301    0.4714    0.4657    0.2066   0.06571   0.04106  0.008143
